[gd_scene load_steps=5 format=3 uid="uid://hygqxxsalu2r"]

[ext_resource type="PackedScene" uid="uid://c3aayi6ahk2ko" path="res://assets/characters/gltf/knight.tscn" id="1_dv4fl"]

[sub_resource type="AnimationNodeAnimation" id="AnimationNodeAnimation_fd3v8"]
animation = &"Idle"

[sub_resource type="AnimationNodeStateMachineTransition" id="AnimationNodeStateMachineTransition_7mjbw"]
advance_mode = 2

[sub_resource type="AnimationNodeStateMachine" id="AnimationNodeStateMachine_hmwp2"]
states/Idle/node = SubResource("AnimationNodeAnimation_fd3v8")
states/Idle/position = Vector2(337.5, 99.5)
transitions = ["Start", "Idle", SubResource("AnimationNodeStateMachineTransition_7mjbw")]

[node name="Node3D" type="Node3D"]

[node name="Knight" parent="." instance=ExtResource("1_dv4fl")]

[node name="Skeleton3D" parent="Knight/Rig" index="0"]
bones/1/position = Vector3(0, 0.389896, 0)
bones/1/rotation = Quaternion(-1.11123e-10, 0.0431578, 2.57241e-09, 0.999068)
bones/4/rotation = Quaternion(-0.559204, -0.0603137, -0.642939, 0.519888)
bones/5/rotation = Quaternion(2.07406e-08, -4.25338e-08, -0.497666, 0.867369)
bones/7/rotation = Quaternion(-0.321229, -0.326711, 0.146567, 0.876693)
bones/8/rotation = Quaternion(0.000121523, 0.000121518, -0.706661, 0.707553)
bones/14/rotation = Quaternion(-0.61754, 0.080237, 0.617187, 0.480923)
bones/15/rotation = Quaternion(3.74499e-08, 5.59633e-08, 0.520744, 0.853713)
bones/17/rotation = Quaternion(-0.319542, 0.302037, -0.228239, 0.868662)
bones/18/rotation = Quaternion(0.0003413, 0.000401999, 0.706753, 0.70746)
bones/21/rotation = Quaternion(-5.80608e-11, -0.0313417, -1.88012e-09, 0.999509)
bones/24/rotation = Quaternion(0.993509, 0.0834495, 0.0742699, 0.021471)
bones/25/rotation = Quaternion(0.223005, 6.68767e-08, -1.51617e-07, 0.974817)
bones/26/rotation = Quaternion(-0.531806, -0.208672, 0.0478182, 0.81936)
bones/27/rotation = Quaternion(-3.04791e-08, 0.920355, -0.391084, 6.94849e-08)
bones/28/rotation = Quaternion(0.99682, -0.0298778, 0.0313263, 0.066902)
bones/29/rotation = Quaternion(0.294203, -6.39248e-08, 2.06121e-07, 0.955743)
bones/30/rotation = Quaternion(-0.569773, 0.114376, -0.0103085, 0.813738)
bones/31/rotation = Quaternion(3.04791e-08, 0.920355, -0.391084, -6.94849e-08)
bones/32/rotation = Quaternion(0.707107, -2.29302e-07, -4.60552e-08, 0.707107)
bones/33/position = Vector3(0.202182, 0.0259903, 0.205181)
bones/33/rotation = Quaternion(-0.707107, -7.05285e-08, -7.05285e-08, 0.707107)
bones/34/rotation = Quaternion(9.65792e-09, 1.77955e-09, 0.985719, -0.168398)
bones/35/rotation = Quaternion(-1.04035e-07, 0.391084, 0.920355, -2.9526e-08)
bones/37/rotation = Quaternion(1, -3.10863e-15, 1.94707e-07, -6.91739e-22)
bones/39/rotation = Quaternion(0.707107, -3.82385e-08, 1.45009e-07, 0.707107)
bones/40/rotation = Quaternion(-0.707107, -7.05285e-08, -7.05285e-08, 0.707107)
bones/41/rotation = Quaternion(-5.83589e-09, 6.43837e-10, 0.994809, 0.101756)
bones/42/rotation = Quaternion(-1.04035e-07, 0.391084, 0.920355, -2.95261e-08)
bones/47/position = Vector3(0.520841, 0.787065, -0.0576373)
bones/47/rotation = Quaternion(0.794627, -1.32247e-07, 0.607098, -5.02923e-08)
bones/49/position = Vector3(-0.510844, 0.787064, 0.0597369)
bones/49/rotation = Quaternion(-0.758253, -1.89432e-07, 0.651961, -1.86264e-08)

[node name="1H_Sword_Offhand" parent="Knight/Rig/Skeleton3D" index="0"]
transform = Transform3D(7.71077e-06, 0.262891, 0.964825, 0.999998, -0.00126904, 0.000338153, 0.00131355, 0.964824, -0.262891, 0.512205, 0.635777, -0.00192481)

[node name="Badge_Shield" parent="Knight/Rig/Skeleton3D" index="1"]
transform = Transform3D(7.73326e-06, 0.262891, 0.964825, 0.999998, -0.00127158, 0.000338821, 0.00131617, 0.964824, -0.262891, 0.662607, 0.63583, -0.0429057)

[node name="Rectangle_Shield" parent="Knight/Rig/Skeleton3D" index="2"]
transform = Transform3D(7.73326e-06, 0.262891, 0.964825, 0.999998, -0.00127158, 0.000338821, 0.00131617, 0.964824, -0.262891, 0.662607, 0.63583, -0.0429057)

[node name="Round_Shield" parent="Knight/Rig/Skeleton3D" index="3"]
transform = Transform3D(7.73326e-06, 0.262891, 0.964825, 0.999998, -0.00127158, 0.000338821, 0.00131617, 0.964824, -0.262891, 0.662607, 0.63583, -0.0429057)

[node name="Spike_Shield" parent="Knight/Rig/Skeleton3D" index="4"]
transform = Transform3D(7.73326e-06, 0.262891, 0.964825, 0.999998, -0.00127158, 0.000338821, 0.00131617, 0.964824, -0.262891, 0.662607, 0.63583, -0.0429057)

[node name="1H_Sword" parent="Knight/Rig/Skeleton3D" index="5"]
transform = Transform3D(-0.000235786, -0.150934, 0.988543, 0.999999, -0.00100076, 8.5375e-05, 0.000976734, 0.988543, 0.150934, -0.496019, 0.640119, 0.139705)

[node name="2H_Sword" parent="Knight/Rig/Skeleton3D" index="6"]
transform = Transform3D(-0.000235802, -0.150934, 0.988543, 0.999999, -0.00100077, 8.53887e-05, 0.000976746, 0.988543, 0.150934, -0.496019, 0.640119, 0.139705)

[node name="Knight_Helmet" parent="Knight/Rig/Skeleton3D" index="7"]
transform = Transform3D(0.99972, -1.40143e-09, 0.0236466, 1.39341e-09, 1, 3.55686e-10, -0.0236466, -3.22637e-10, 0.99972, 4.69869e-07, 1.20012, -1.19779e-07)

[node name="Knight_Cape" parent="Knight/Rig/Skeleton3D" index="8"]
transform = Transform3D(0.996275, -5.14962e-09, 0.0862353, 5.13043e-09, 1, 4.44077e-10, -0.0862353, 1.8939e-15, 0.996275, -1.63023e-08, 1.20012, -1.40136e-07)

[node name="AnimationTree" type="AnimationTree" parent="."]
tree_root = SubResource("AnimationNodeStateMachine_hmwp2")
anim_player = NodePath("../Knight/AnimationPlayer")
active = true

[editable path="Knight"]
